# Generated from Nono Tuning Tool
# Version 3.2.0
# NTT: Name - Harman
# NTT: Definition v2 - FAD8AQAoAPwBADIA-AEAPwDyAQBQAOABAGQAyAEAfgCwAQCgAJoBAMgAjgEA-gCKAQA8AYYBAJABhAEA9AGCAQB2AoIBACADfgEA6AN8AQCwBHoBAEAGdgEA0Ad0AQDECXIBABwMbgEAoA9qAQCIE2gBAJwYZAEAQB9gAQAQJ1wBAOAuVgEAgD5QAQAgTkoBAA 
12 5.4
39.303 5.4
40.051 5.399
40.812 5.382
41.588 5.365
42.378 5.348
43.184 5.331
44.005 5.314
44.841 5.298
45.694 5.281
46.563 5.264
47.448 5.247
48.35 5.23
49.269 5.213
50.205 5.195
51.16 5.17
52.132 5.146
53.124 5.121
54.133 5.097
55.162 5.072
56.211 5.048
57.28 5.024
58.369 4.999
59.478 4.975
60.609 4.95
61.761 4.926
62.935 4.901
64.132 4.833
65.351 4.762
66.593 4.691
67.859 4.62
69.149 4.549
70.464 4.478
71.803 4.407
73.168 4.336
74.559 4.265
75.976 4.194
77.421 4.123
78.893 4.053
80.392 3.974
81.921 3.872
83.478 3.771
85.065 3.67
86.682 3.569
88.33 3.467
90.009 3.366
91.72 3.265
93.464 3.164
95.241 3.062
97.051 2.961
98.896 2.86
100.776 2.76
102.692 2.662
104.644 2.564
106.633 2.467
108.66 2.369
110.726 2.271
112.831 2.173
114.976 2.075
117.162 1.978
119.389 1.88
121.659 1.782
123.971 1.684
126.328 1.588
128.73 1.501
131.177 1.415
133.671 1.328
136.212 1.241
138.801 1.154
141.44 1.068
144.128 0.981
146.868 0.894
149.66 0.808
152.505 0.721
155.405 0.634
158.359 0.547
161.369 0.477
164.437 0.426
167.563 0.376
170.748 0.325
173.994 0.275
177.302 0.224
180.673 0.173
184.107 0.123
187.607 0.072
191.174 0.021
194.808 -0.029
198.511 -0.08
202.285 -0.11
206.131 -0.127
210.049 -0.144
214.042 -0.161
218.111 -0.178
222.258 -0.195
226.483 -0.211
230.788 -0.228
235.176 -0.245
239.646 -0.262
244.202 -0.279
248.844 -0.296
253.575 -0.312
258.395 -0.328
263.308 -0.344
268.313 -0.36
273.414 -0.376
278.612 -0.393
283.908 -0.409
289.305 -0.425
294.805 -0.441
300.409 -0.457
306.12 -0.473
311.94 -0.489
317.87 -0.503
323.912 -0.51
330.07 -0.518
336.345 -0.526
342.739 -0.534
349.254 -0.542
355.894 -0.55
362.659 -0.558
369.554 -0.566
376.579 -0.574
383.738 -0.582
391.033 -0.59
398.466 -0.598
406.041 -0.607
413.76 -0.615
421.626 -0.624
429.641 -0.632
437.809 -0.64
446.131 -0.649
454.613 -0.657
463.255 -0.666
472.061 -0.674
481.035 -0.683
490.18 -0.691
499.498 -0.7
626.148 -0.7
638.051 -0.711
650.18 -0.726
662.54 -0.742
675.135 -0.758
687.97 -0.774
701.048 -0.789
714.376 -0.805
727.956 -0.821
741.795 -0.837
755.896 -0.853
770.266 -0.868
784.909 -0.884
799.83 -0.9
815.035 -0.908
830.529 -0.917
846.318 -0.925
862.407 -0.934
878.801 -0.942
895.507 -0.951
912.531 -0.959
929.879 -0.967
947.556 -0.976
965.569 -0.984
983.925 -0.993
1002.63 -1.001
1021.69 -1.012
1041.112 -1.022
1060.904 -1.032
1081.072 -1.043
1101.624 -1.053
1122.566 -1.063
1143.906 -1.074
1165.652 -1.084
1187.811 -1.094
1210.392 -1.106
1233.402 -1.119
1256.849 -1.132
1280.742 -1.145
1305.089 -1.158
1329.899 -1.171
1355.181 -1.185
1380.943 -1.198
1407.195 -1.211
1433.946 -1.224
1461.206 -1.237
1488.984 -1.25
1517.29 -1.263
1546.134 -1.276
1575.526 -1.289
1605.478 -1.302
1635.998 -1.31
1667.099 -1.318
1698.791 -1.327
1731.085 -1.335
1763.994 -1.344
1797.527 -1.352
1831.699 -1.361
1866.52 -1.369
1902.003 -1.377
1938.16 -1.386
1975.005 -1.394
2012.551 -1.403
2050.81 -1.411
2089.796 -1.42
2129.524 -1.428
2170.007 -1.437
2211.259 -1.445
2253.295 -1.453
2296.131 -1.462
2339.781 -1.47
2384.261 -1.479
2429.586 -1.487
2475.773 -1.496
2522.838 -1.508
2570.798 -1.526
2619.67 -1.543
2669.47 -1.561
2720.218 -1.578
2771.93 -1.596
2824.625 -1.614
2878.321 -1.631
2933.039 -1.649
2988.797 -1.666
3045.615 -1.684
3103.512 -1.701
3162.511 -1.716
3222.631 -1.73
3283.894 -1.745
3346.322 -1.76
3409.936 -1.775
3474.76 -1.79
3540.816 -1.804
3608.128 -1.819
3676.719 -1.834
3746.614 -1.849
3817.838 -1.863
3890.416 -1.878
3964.374 -1.893
4039.738 -1.904
4116.534 -1.913
4194.791 -1.921
4274.535 -1.93
4355.795 -1.938
4438.599 -1.947
4522.978 -1.955
4608.961 -1.964
4696.578 -1.972
4785.862 -1.98
4876.842 -1.989
4969.552 -1.997
5064.024 -2.011
5160.293 -2.027
5258.391 -2.044
5358.354 -2.06
5460.218 -2.076
5564.018 -2.092
5669.791 -2.109
5777.576 -2.125
5887.409 -2.141
5999.33 -2.158
6113.378 -2.174
6229.595 -2.19
6348.021 -2.206
6468.699 -2.222
6591.67 -2.238
6716.98 -2.254
6844.671 -2.269
6974.79 -2.285
7107.382 -2.301
7242.495 -2.317
7380.177 -2.332
7520.476 -2.348
7663.442 -2.364
7809.126 -2.38
7957.579 -2.396
8108.855 -2.412
8263.006 -2.429
8420.088 -2.446
8580.156 -2.463
8743.267 -2.48
8909.478 -2.497
9078.85 -2.513
9251.441 -2.53
9427.313 -2.547
9606.529 -2.564
9789.151 -2.581
9975.245 -2.598
10164.877 -2.627
10358.114 -2.658
10555.024 -2.689
10755.678 -2.72
10960.146 -2.751
11168.501 -2.782
11380.817 -2.813
11597.169 -2.844
11817.634 -2.875
12042.29 -2.904
12271.217 -2.923
12504.496 -2.943
12742.209 -2.963
12984.442 -2.982
13231.279 -3.002
13482.809 -3.021
13739.12 -3.041
14000.305 -3.061
14266.454 -3.08
14537.662 -3.1
14814.027 -3.12
15095.645 -3.139
15382.617 -3.159
15675.044 -3.179
15973.031 -3.198
16276.682 -3.223
16586.106 -3.248
16901.412 -3.274
17222.712 -3.299
17550.12 -3.324
17883.752 -3.35
18223.726 -3.375
18570.164 -3.4
18923.187 -3.426
19282.921 -3.451
19649.494 -3.476
20023.036 -3.5
22000 -3.5