"Sens Factor =2.0007dB, SERNO: 7021922"
10.054	-5.0725
10.179	-4.9082
10.306	-4.7471
10.434	-4.5892
10.564	-4.4345
10.696	-4.2829
10.829	-4.1343
10.964	-3.9889
11.1	-3.8465
11.238	-3.7070
11.378	-3.5706
11.52	-3.4370
11.663	-3.3064
11.809	-3.1786
11.956	-3.0537
12.104	-2.9316
12.255	-2.8123
12.408	-2.6957
12.562	-2.5818
12.718	-2.4705
12.877	-2.3620
13.037	-2.2560
13.199	-2.1526
13.364	-2.0518
13.53	-1.9534
13.698	-1.8576
13.869	-1.7642
14.042	-1.6732
14.216	-1.5846
14.393	-1.4984
14.573	-1.4145
14.754	-1.3329
14.938	-1.2535
15.124	-1.1763
15.312	-1.1014
15.503	-1.0286
15.696	-0.9579
15.891	-0.8894
16.089	-0.8229
16.289	-0.7584
16.492	-0.6959
16.697	-0.6354
16.905	-0.5768
17.115	-0.5202
17.328	-0.4653
17.544	-0.4124
17.763	-0.3612
17.984	-0.3118
18.208	-0.2642
18.434	-0.2182
18.664	-0.1740
18.896	-0.1314
19.131	-0.0904
19.369	-0.0509
19.611	-0.0130
19.855	0.0233
20.102	0.0582
20.352	0.0916
20.605	0.1236
20.862	0.1543
21.122	0.1835
21.385	0.2115
21.651	0.2381
21.92	0.2635
22.193	0.2877
22.47	0.3107
22.749	0.3325
23.032	0.3532
23.319	0.3728
23.609	0.3914
23.903	0.4089
24.201	0.4254
24.502	0.4409
24.807	0.4555
25.116	0.4692
25.429	0.4820
25.745	0.4940
26.066	0.5052
26.39	0.5156
26.719	0.5253
27.051	0.5343
27.388	0.5426
27.729	0.5502
28.074	0.5572
28.424	0.5637
28.778	0.5696
29.136	0.5750
29.499	0.5799
29.866	0.5843
30.238	0.5883
30.614	0.5920
30.995	0.5953
31.381	0.5982
31.772	0.6009
32.167	0.6033
32.568	0.6055
32.973	0.6075
33.383	0.6093
33.799	0.6110
34.22	0.6127
34.646	0.6142
35.077	0.6157
35.514	0.6124
35.956	0.6117
36.403	0.6135
36.857	0.6174
37.315	0.6233
37.78	0.6308
38.25	0.6397
38.726	0.6496
39.209	0.6605
39.697	0.6719
40.191	0.6836
40.691	0.6953
41.198	0.7063
41.711	0.7158
42.23	0.7230
42.756	0.7266
43.288	0.7258
43.827	0.7197
44.372	0.7081
44.925	0.6915
45.484	0.6706
46.05	0.6468
46.623	0.6214
47.204	0.5961
47.791	0.5725
48.386	0.5516
48.989	0.5339
49.599	0.5197
50.216	0.5087
50.841	0.5006
51.474	0.4950
52.115	0.4913
52.764	0.4892
53.42	0.4883
54.085	0.4887
54.759	0.4900
55.44	0.4919
56.131	0.4935
56.829	0.4943
57.537	0.4933
58.253	0.4899
58.978	0.4836
59.712	0.4743
60.456	0.4623
61.208	0.4477
61.97	0.4308
62.742	0.4120
63.523	0.3917
64.314	0.3704
65.114	0.3483
65.925	0.3257
66.745	0.3028
67.576	0.2796
68.418	0.2564
69.269	0.2330
70.132	0.2098
71.005	0.1870
71.889	0.1653
72.784	0.1454
73.69	0.1277
74.607	0.1124
75.536	0.0997
76.476	0.0897
77.428	0.0822
78.392	0.0764
79.368	0.0710
80.356	0.0654
81.356	0.0587
82.369	0.0507
83.394	0.0411
84.433	0.0302
85.484	0.0185
86.548	0.0066
87.625	-0.0051
88.716	-0.0165
89.82	-0.0274
90.939	-0.0378
92.071	-0.0477
93.217	-0.0572
94.377	-0.0660
95.552	-0.0739
96.742	-0.0805
97.946	-0.0859
99.165	-0.0905
100.4	-0.0942
101.65	-0.0969
102.915	-0.0986
104.196	-0.0996
105.493	-0.1000
106.806	-0.0999
108.136	-0.0994
109.482	-0.0988
110.845	-0.0982
112.225	-0.0975
113.622	-0.0966
115.037	-0.0951
116.469	-0.0933
117.919	-0.0917
119.386	-0.0907
120.873	-0.0907
122.377	-0.0913
123.901	-0.0922
125.443	-0.0930
127.005	-0.0936
128.586	-0.0938
130.187	-0.0938
131.807	-0.0936
133.448	-0.0934
135.109	-0.0931
136.791	-0.0927
138.494	-0.0921
140.218	-0.0912
141.964	-0.0901
143.731	-0.0890
145.52	-0.0883
147.332	-0.0880
149.166	-0.0883
151.023	-0.0892
152.903	-0.0906
154.806	-0.0923
156.734	-0.0942
158.685	-0.0965
160.66	-0.0990
162.66	-0.1016
164.685	-0.1038
166.735	-0.1057
168.811	-0.1075
170.912	-0.1090
173.04	-0.1104
175.194	-0.1116
177.375	-0.1131
179.583	-0.1149
181.819	-0.1168
184.082	-0.1189
186.374	-0.1211
188.694	-0.1233
191.043	-0.1260
193.421	-0.1288
195.829	-0.1315
198.267	-0.1338
200.735	-0.1360
203.234	-0.1385
205.764	-0.1419
208.325	-0.1467
210.919	-0.1531
213.544	-0.1612
216.203	-0.1705
218.894	-0.1806
221.619	-0.1914
224.378	-0.2024
227.171	-0.2132
229.999	-0.2237
232.862	-0.2338
235.761	-0.2434
238.696	-0.2525
241.668	-0.2611
244.676	-0.2690
247.722	-0.2762
250.806	-0.2824
253.928	-0.2875
257.089	-0.2913
260.29	-0.2938
263.53	-0.2949
266.81	-0.2948
270.132	-0.2937
273.495	-0.2916
276.899	-0.2887
280.346	-0.2854
283.836	-0.2818
287.37	-0.2780
290.947	-0.2741
294.569	-0.2699
298.236	-0.2653
301.949	-0.2603
305.708	-0.2549
309.513	-0.2493
313.366	-0.2434
317.267	-0.2371
321.217	-0.2305
325.216	-0.2234
329.264	-0.2161
333.363	-0.2086
337.513	-0.2012
341.715	-0.1939
345.969	-0.1869
350.276	-0.1801
354.636	-0.1732
359.051	-0.1661
363.521	-0.1585
368.046	-0.1504
372.628	-0.1418
377.266	-0.1329
381.963	-0.1242
386.718	-0.1162
391.532	-0.1094
396.406	-0.1035
401.341	-0.0979
406.337	-0.0926
411.395	-0.0874
416.517	-0.0830
421.702	-0.0797
426.951	-0.0775
432.266	-0.0764
437.648	-0.0763
443.096	-0.0769
448.612	-0.0781
454.196	-0.0796
459.851	-0.0815
465.575	-0.0837
471.371	-0.0859
477.239	-0.0882
483.18	-0.0906
489.195	-0.0931
495.285	-0.0959
501.45	-0.0991
507.693	-0.1027
514.013	-0.1069
520.412	-0.1115
526.89	-0.1167
533.449	-0.1222
540.09	-0.1279
546.814	-0.1336
553.621	-0.1390
560.513	-0.1439
567.49	-0.1482
574.555	-0.1517
581.707	-0.1544
588.949	-0.1567
596.281	-0.1587
603.703	-0.1608
611.219	-0.1631
618.828	-0.1657
626.531	-0.1684
634.331	-0.1708
642.228	-0.1725
650.222	-0.1732
658.317	-0.1731
666.512	-0.1728
674.809	-0.1727
683.21	-0.1727
691.715	-0.1724
700.326	-0.1716
709.044	-0.1703
717.871	-0.1685
726.807	-0.1663
735.855	-0.1637
745.016	-0.1609
754.29	-0.1579
763.68	-0.1547
773.187	-0.1515
782.812	-0.1481
792.557	-0.1447
802.424	-0.1411
812.413	-0.1374
822.526	-0.1335
832.766	-0.1294
843.133	-0.1251
853.629	-0.1206
864.255	-0.1160
875.014	-0.1113
885.907	-0.1065
896.935	-0.1015
908.101	-0.0964
919.406	-0.0912
930.851	-0.0858
942.439	-0.0803
954.171	-0.0748
966.049	-0.0694
978.076	-0.0642
990.251	-0.0594
1002.579	-0.0551
1015.06	-0.0513
1027.696	-0.0481
1040.489	-0.0452
1053.442	-0.0427
1066.556	-0.0405
1079.833	-0.0385
1093.276	-0.0365
1106.886	-0.0346
1120.665	-0.0328
1134.616	-0.0313
1148.741	-0.0300
1163.041	-0.0289
1177.519	-0.0281
1192.178	-0.0275
1207.019	-0.0269
1222.045	-0.0264
1237.258	-0.0258
1252.66	-0.0252
1268.254	-0.0245
1284.042	-0.0237
1300.027	-0.0228
1316.211	-0.0217
1332.596	-0.0205
1349.185	-0.0191
1365.981	-0.0176
1382.985	-0.0161
1400.202	-0.0144
1417.633	-0.0126
1435.28	-0.0108
1453.148	-0.0089
1471.238	-0.0070
1489.553	-0.0052
1508.096	-0.0036
1526.87	-0.0021
1545.877	-0.0008
1565.121	0.0004
1584.605	0.0014
1604.332	0.0026
1624.303	0.0040
1644.524	0.0059
1664.996	0.0085
1685.723	0.0116
1706.708	0.0153
1727.955	0.0195
1749.466	0.0242
1771.244	0.0292
1793.294	0.0346
1815.618	0.0403
1838.221	0.0461
1861.104	0.0522
1884.272	0.0584
1907.729	0.0648
1931.478	0.0714
1955.523	0.0782
1979.866	0.0853
2004.513	0.0929
2029.467	0.1009
2054.731	0.1093
2080.31	0.1183
2106.207	0.1277
2132.427	0.1376
2158.973	0.1478
2185.849	0.1585
2213.06	0.1696
2240.61	0.1810
2268.503	0.1927
2296.743	0.2045
2325.334	0.2160
2354.282	0.2272
2383.59	0.2384
2413.262	0.2497
2443.305	0.2614
2473.721	0.2735
2504.515	0.2861
2535.693	0.2993
2567.26	0.3131
2599.219	0.3275
2631.576	0.3425
2664.335	0.3579
2697.503	0.3738
2731.084	0.3903
2765.082	0.4072
2799.504	0.4245
2834.354	0.4422
2869.638	0.4603
2905.362	0.4786
2941.53	0.4972
2978.148	0.5160
3015.222	0.5350
3052.758	0.5542
3090.761	0.5737
3129.237	0.5934
3168.192	0.6132
3207.632	0.6331
3247.563	0.6532
3287.991	0.6733
3328.923	0.6934
3370.364	0.7135
3412.32	0.7335
3454.799	0.7536
3497.807	0.7736
3541.351	0.7937
3585.436	0.8139
3630.07	0.8343
3675.26	0.8549
3721.012	0.8757
3767.334	0.8969
3814.233	0.9187
3861.715	0.9413
3909.789	0.9648
3958.46	0.9890
4007.738	1.0137
4057.63	1.0388
4108.142	1.0644
4159.283	1.0903
4211.061	1.1166
4263.483	1.1431
4316.559	1.1699
4370.294	1.1969
4424.699	1.2241
4479.781	1.2514
4535.548	1.2786
4592.01	1.3057
4649.175	1.3327
4707.051	1.3595
4765.648	1.3861
4824.975	1.4123
4885.039	1.4381
4945.852	1.4634
5007.421	1.4879
5069.757	1.5115
5132.87	1.5342
5196.768	1.5559
5261.46	1.5767
5326.959	1.5966
5393.273	1.6157
5460.413	1.6342
5528.388	1.6520
5597.209	1.6693
5666.887	1.6862
5737.433	1.7026
5808.857	1.7186
5881.169	1.7342
5954.383	1.7494
6028.507	1.7644
6103.555	1.7792
6179.536	1.7939
6256.464	1.8085
6334.349	1.8232
6413.204	1.8379
6493.04	1.8527
6573.87	1.8676
6655.706	1.8825
6738.562	1.8973
6822.448	1.9118
6907.379	1.9259
6993.367	1.9395
7080.426	1.9527
7168.568	1.9653
7257.808	1.9774
7348.158	1.9890
7439.633	2.0001
7532.248	2.0107
7626.015	2.0207
7720.949	2.0300
7817.065	2.0385
7914.377	2.0463
8012.901	2.0537
8112.652	2.0607
8213.645	2.0676
8315.894	2.0746
8419.416	2.0818
8524.228	2.0894
8630.343	2.0973
8737.78	2.1055
8846.555	2.1139
8956.683	2.1224
9068.182	2.1308
9181.069	2.1389
9295.362	2.1465
9411.078	2.1534
9528.233	2.1595
9646.849	2.1646
9766.939	2.1688
9888.525	2.1717
10011.625	2.1733
10136.257	2.1735
10262.44	2.1721
10390.195	2.1690
10519.54	2.1642
10650.495	2.1574
10783.08	2.1490
10917.316	2.1387
11053.223	2.1267
11190.821	2.1130
11330.133	2.0976
11471.179	2.0807
11613.98	2.0622
11758.561	2.0421
11904.939	2.0204
12053.141	1.9972
12203.188	1.9727
12355.102	1.9469
12508.907	1.9192
12664.627	1.8897
12822.286	1.8586
12981.907	1.8257
13143.516	1.7910
13307.136	1.7544
13472.793	1.7156
13640.512	1.6749
13810.319	1.6321
13982.24	1.5874
14156.302	1.5407
14332.529	1.4920
14510.951	1.4414
14691.595	1.3889
14874.486	1.3344
15059.655	1.2783
15247.129	1.2204
15436.937	1.1607
15629.106	1.0997
15823.669	1.0374
16020.654	0.9742
16220.091	0.9108
16422.01	0.8474
16626.443	0.7841
16833.422	0.7210
17042.977	0.6584
17255.141	0.5956
17469.945	0.5326
17687.424	0.4690
17907.609	0.4366
18130.537	0.4034
18356.24	0.3695
18584.752	0.3351
18816.107	0.2999
19050.346	0.2641
19287.498	0.2277
19527.604	0.1908
19770.697	0.1533
20016.816	0.1154

